v3.0 hex words addressed
00: 000 101 408 f08 008 108 906 000 d04 d05 d06 e00 008 108 90e 000
10: 000 000 000 000 000 000 000 000 000 000 000 000 000 000 000 000
20: 000 000 000 000 000 000 000 000 000 000 000 000 000 000 000 000
30: 000 000 000 000 000 000 000 000 000 000 000 000 000 000 000 000
40: 000 000 000 000 000 000 000 000 000 000 000 000 000 000 000 000
50: 000 000 000 000 000 000 000 000 000 000 000 000 000 000 000 000
60: 000 000 000 000 000 000 000 000 000 000 000 000 000 000 000 000
70: 000 000 000 000 000 000 000 000 000 000 000 000 000 000 000 000
80: 000 000 000 000 000 000 000 000 000 000 000 000 000 000 000 000
90: 000 000 000 000 000 000 000 000 000 000 000 000 000 000 000 000
a0: 000 000 000 000 000 000 000 000 000 000 000 000 000 000 000 000
b0: 000 000 000 000 000 000 000 000 000 000 000 000 000 000 000 000
c0: 000 000 000 000 000 000 000 000 000 000 000 000 000 000 000 000
d0: 000 000 000 000 000 000 000 000 000 000 000 000 000 000 000 000
e0: 000 000 000 000 000 000 000 000 000 000 000 000 000 000 000 000
f0: 000 000 000 000 000 000 000 000 000 000 000 000 000 000 000 000
